038 0.019 -0.011 -0.034 -0.042 -0.999 3.094 0.032 -0.003 -113.81
0.038 0.017 -0.007 -0.036 -0.043 -0.998 3.094 0.032 -0.002 -113.81
0.039 0.020 -0.006 -0.036 -0.044 -0.998 3.094 0.033 -0.001 -117.80
0.039 0.021 -0.006 -0.036 -0.042 -0.998 3.094 0.033 -0.001 -117.80
0.034 0.016 -0.013 -0.036 -0.043 -0.998 3.094 0.033 -0.001 -117.80
0.042 0.021 -0.010 -0.034 -0.043 -0.999 3.094 0.033 -0.001 -117.80
0.039 0.019 -0.009 -0.034 -0.043 -0.999 3.094 0.033 -0.001 -117.81
0.039 0.021 -0.012 -0.033 -0.044 -0.999 3.094 0.032 -0.002 -117.81
0.038 0.017 -0.011 -0.031 -0.043 -0.999 3.094 0.032 -0.002 -117.81
0.039 0.016 -0.010 -0.032 -0.044 -0.999 3.094 0.031 -0.002 -116.81
0.037 0.020 -0.010 -0.033 -0.043 -0.999 3.094 0.031 -0.002 -116.81
0.030 0.013 -0.012 -0.033 -0.043 -0.999 3.094 0.031 -0.002 -116.81
0.035 0.020 -0.010 -0.033 -0.043 -0.999 3.094 0.031 -0.002 -116.81
0.038 0.016 -0.010 -0.035 -0.043 -0.998 3.094 0.032 -0.001 -116.81
0.036 0.020 -0.006 -0.036 -0.044 -0.998 3.094 0.032 -0.000 -116.81
0.036 0.015 -0.010 -0.034 -0.043 -0.998 3.094 0.032 0.000 -116.81
0.037 0.020 -0.010 -0.037 -0.045 -0.998 3.094 0.033 0.001 -116.81
0.036 0.021 -0.009 -0.036 -0.044 -0.998 3.094 0.033 0.002 -116.80
0.037 0.015 -0.014 -0.035 -0.042 -0.999 3.094 0.033 0.002 -116.81
0.034 0.022 -0.009 -0.035 -0.042 -0.998 3.094 0.033 0.002 -116.81
0.036 0.018 -0.007 -0.035 -0.042 -0.999 3.095 0.033 0.001 -116.81
0.037 0.016 -0.009 -0.034 -0.043 -0.999 3.095 0.033 0.001 -116.81
0.034 0.022 -0.011 -0.032 -0.042 -0.999 3.095 0.032 0.000 -116.81
0.039 0.017 -0.009 -0.032 -0.041 -0.999 3.095 0.032 -0.000 -114.82
0.040 0.021 -0.010 -0.032 -0.041 -0.999 3.095 0.031 -0.001 -114.82
0.044 0.016 -0.006 -0.032 -0.042 -0.999 3.095 0.031 -0.001 -114.82
0.047 0.021 -0.016 -0.034 -0.045 -0.998 3.094 0.031 0.000 -114.82
0.108 0.003 -0.004 -0.034 -0.035 -0.999 3.095 0.032 -0.000 -114.81
0.117 -0.005 -0.018 -0.036 -0.045 -0.998 3.093 0.032 0.001 -114.80
0.130 0.016 -0.016 -0.035 -0.038 -0.999 3.092 0.033 0.000 -114.80
0.190 -0.004 -0.022 -0.035 -0.033 -0.999 3.091 0.033 -0.001 -115.79
0.183 -0.006 -0.027 -0.036 -0.038 -0.999 3.090 0.033 -0.001 -115.78
0.192 0.010 -0.024 -0.035 -0.030 -0.999 3.090 0.033 -0.003 -115.78
0.323 -0.018 -0.047 -0.034 -0.025 -0.999 3.088 0.033 -0.007 -115.76
0.454 -0.037 -0.052 -0.032 -0.028 -0.999 3.084 0.034 -0.011 -115.74
0.453 -0.032 -0.026 -0.029 -0.031 -0.999 3.080 0.033 -0.018 -115.71
0.421 0.016 0.042 -0.029 -0.013 -0.999 3.080 0.032 -0.022 -115.70
0.383 0.002 0.079 -0.029 -0.001 -1.000 3.083 0.031 -0.023 -117.70
0.344 -0.034 0.085 -0.029 -0.000 -1.000 3.085 0.031 -0.025 -117.72
0.360 -0.032 0.104 -0.027 0.013 -1.000 3.089 0.031 -0.030 -117.74
0.196 -0.027 0.095 -0.027 0.036 -0.999 3.099 0.031 -0.030 -117.77
0.112 0.000 0.060 -0.027 0.037 -0.999 3.109 0.031 -0.029 -117.83
0.060 0.050 -0.021 -0.030 0.009 -1.000 3.115 0.030 -0.023 -117.89
0.174 0.030 -0.006 -0.030 0.006 -1.000 3.117 0.030 -0.019 -117.90
0.248 0.003 0.003 -0.030 0.020 -0.999 3.119 0.030 -0.016 -118.90
0.392 -0.024 -0.021 -0.028 0.024 -0.999 3.119 0.030 -0.017 -118.89
0.509 -0.007 -0.032 -0.026 0.037 -0.999 3.119 0.029 -0.019 -118.88
0.612 0.017 -0.045 -0.026 0.046 -0.999 3.119 0.028 -0.019 -118.87
0.927 0.029 -0.088 -0.028 0.052 -0.998 3.115 0.028 -0.013 -118.84
0.957 -0.019 -0.078 -0.025 0.086 -0.996 3.115 0.028 -0.013 -118.77
0.911 -0.004 -0.100 -0.025 0.104 -0.994 3.119 0.027 -0.011 -118.74
0.888 0.021 -0.144 -0.023 0.119 -0.993 3.125 0.026 -0.012 -119.73
0.791 0.047 -0.211 -0.023 0.121 -0.992 3.133 0.025 -0.005 -119.76
0.654 0.064 -0.213 -0.023 0.116 -0.993 3.140 0.024 0.001 -119.81
0.620 0.061 -0.173 -0.024 0.105 -0.994 -3.137 0.023 0.007 -119.85
0.568 0.040 -0.054 -0.026 0.117 -0.993 -3.130 0.023 0.014 -119.83
0.594 -0.010 0.046 -0.027 0.145 -0.989 -3.120 0.024 0.015 -119.76
0.591 -0.040 0.072 -0.027 0.159 -0.987 -3.109 0.025 0.012 -119.71
0.638 -0.072 0.069 -0.025 0.173 -0.985 -3.099 0.026 0.003 -122.64
0.750 -0.102 0.043 -0.023 0.187 -0.982 -3.090 0.027 -0.005 -122.57
0.746 -0.132 0.036 -0.020 0.196 -0.980 -3.081 0.028 -0.014 -122.51
0.666 -0.152 0.030 -0.015 0.213 -0.977 -3.070 0.029 -0.025 -122.40
0.506 -0.113 0.019 -0.011 0.226 -0.974 -3.055 0.030 -0.036 -122.27
0.446 -0.093 0.003 -0.009 0.229 -0.973 -3.042 0.029 -0.042 -122.14
0.356 -0.071 -0.032 -0.008 0.231 -0.973 -3.028 0.029 -0.046 -122.00
0.384 -0.064 -0.056 -0.004 0.232 -0.973 -3.017 0.028 -0.051 -121.86
0.355 -0.065 -0.060 -0.004 0.236 -0.972 -3.006 0.027 -0.052 -121.70
0.331 -0.051 -0.058 -0.004 0.236 -0.972 -2.996 0.026 -0.053 -121.56
0.242 -0.061 -0.031 -0.005 0.239 -0.971 -2.986 0.026 -0.053 -121.39
0.209 -0.078 -0.015 -0.007 0.252 -0.968 -2.975 0.026 -0.051 -121.16
0.281 -0.125 -0.049 -0.004 0.257 -0.966 -2.966 0.027 -0.052 -120.98
0.961 -0.159 -0.176 0.001 0.234 -0.972 -2.973 0.027 -0.056 -121.17
1.136 -0.293 -0.103 0.005 0.242 -0.970 -2.982 0.029 -0.061 -124.26
1.157 -0.297 -0.046 0.016 0.273 -0.962 -2.984 0.030 -0.068 -124.22
1.155 -0.209 0.110 0.020 0.300 -0.954 -2.982 0.028 -0.073 -124.09
1.109 -0.104 0.247 0.018 0.343 -0.939 -2.972 0.025 -0.070 -123.75
1.101 -0.108 0.215 0.020 0.368 -0.930 -2.960 0.022 -0.066 -123.43
0.721 -0.210 0.080 0.021 0.402 -0.915 -2.937 0.022 -0.060 -122.83
0.283 -0.169 -0.047 0.028 0.404 -0.914 -2.910 0.021 -0.063 -136.76
0.174 -0.092 -0.097 0.033 0.389 -0.921 -2.888 0.020 -0.069 -136.18
-0.052 0.015 -0.099 0.033 0.367 -0.930 -2.869 0.017 -0.075 -135.63
-0.122 0.058 -0.065 0.030 0.350 -0.936 -2.854 0.014 -0.078 -135.13
-0.126 0.044 -0.046 0.031 0.350 -0.936 -2.841 0.012 -0.081 -134.63
0.022 0.033 -0.013 0.030 0.344 -0.939 -2.834 0.010 -0.083 -134.34
0.216 0.042 0.035 0.031 0.356 -0.934 -2.829 0.007 -0.084 -134.11
0.313 0.052 0.052 0.030 0.365 -0.931 -2.825 0.004 -0.083 -139.63
0.416 0.077 0.055 0.029 0.375 -0.927 -2.821 0.001 -0.081 -139.46
0.517 0.112 0.050 0.028 0.378 -0.926 -2.820 -0.002 -0.077 -139.39
0.620 0.125 0.048 0.025 0.383 -0.924 -2.819 -0.006 -0.073 -139.36
0.680 0.100 0.059 0.020 0.405 -0.914 -2.816 -0.008 -0.066 -139.17
0.559 0.056 0.014 0.021 0.431 -0.902 -2.808 -0.009 -0.060 -138.71
0.545 0.065 -0.030 0.022 0.430 -0.903 -2.800 -0.010 -0.056 -138.37
0.482 0.109 -0.058 0.022 0.410 -0.912 -2.796 -0.012 -0.051 -140.11
0.486 0.122 0.009 0.017 0.421 -0.907 -2.791 -0.013 -0.047 -139.83
0.569 0.104 0.018 0.016 0.428 -0.904 -2.787 -0.014 -0.043 -139.60
0.714 0.064 0.011 0.017 0.442 -0.897 -2.783 -0.014 -0.041 -139.39
0.727 0.056 0.028 0.016 0.456 -0.890 -2.778 -0.014 -0.039 -139.10
0.662 0.054 0.047 0.015 0.461 -0.887 -2.772 -0.013 -0.038 -138.76
0.495 0.023 0.063 0.015 0.476 -0.879 -2.761 -0.012 -0.038 -138.17
0.359 -0.007 0.046 0.015 0.494 -0.869 -2.747 -0.010 -0.039 -145.64
0.299 -0.011 0.022 0.015 0.502 -0.864 -2.732 -0.008 -0.039 -144.75
0.145 0.002 -0.046 0.017 0.499 -0.867 -2.718 -0.006 -0.039 -143.88
-0.104 0.019 -0.072 0.017 0.490 -0.872 -2.703 -0.005 -0.038 -142.95
-0.215 0.026 -0.071 0.018 0.482 -0.876 -2.689 -0.005 -0.036 -142.08
-0.278 0.010 -0.059 0.016 0.474 -0.880 -2.678 -0.004 -0.035 -141.33
-0.475 -0.021 -0.056 0.015 0.485 -0.874 -2.664 -0.003 -0.033 -140.29
-0.798 -0.035 -0.115 0.020 0.471 -0.882 -2.648 -0.002 -0.032 -140.04
-0.895 -0.015 -0.141 0.021 0.453 -0.891 -2.636 -0.002 -0.030 -139.12
-0.889 0.030 -0.145 0.022 0.423 -0.906 -2.632 -0.003 -0.028 -138.69
-0.695 0.029 -0.129 0.022 0.406 -0.914 -2.633 -0.004 -0.026 -138.80
-0.695 -0.014 -0.107 0.022 0.403 -0.915 -2.636 -0.005 -0.025 -138.96
-0.780 -0.017 -0.114 0.026 0.413 -0.910 -2.634 -0.006 -0.023 -138.89
-0.923 0.032 -0.169 0.028 0.389 -0.921 -2.635 -0.008 -0.021 -138.85
-1.144 0.089 -0.182 0.030 0.364 -0.931 -2.635 -0.011 -0.019 -128.33
-1.152 0.128 -0.182 0.029 0.339 -0.940 -2.640 -0.014 -0.017 -128.55
-0.986 0.170 -0.148 0.024 0.304 -0.952 -2.652 -0.016 -0.017 -129.28
-0.734 0.129 -0.101 0.023 0.289 -0.957 -2.668 -0.017 -0.018 -130.42
-0.657 0.093 -0.082 0.022 0.281 -0.959 -2.685 -0.018 -0.018 -131.57
-0.688 0.070 -0.016 0.022 0.297 -0.955 -2.697 -0.018 -0.020 -132.41
-0.525 0.122 -0.060 0.018 0.270 -0.963 -2.713 -0.018 -0.021 -133.40
-0.301 0.096 -0.068 0.017 0.252 -0.967 -2.734 -0.018 -0.021 -119.99
-0.185 0.050 -0.054 0.015 0.245 -0.969 -2.755 -0.017 -0.022 -121.08
0.031 -0.005 -0.004 0.018 0.254 -0.967 -2.775 -0.016 -0.022 -122.13
0.094 0.013 0.023 0.019 0.272 -0.962 -2.790 -0.016 -0.023 -122.91
-0.002 0.027 0.022 0.019 0.275 -0.961 -2.801 -0.015 -0.024 -123.41
-0.190 0.112 0.019 0.018 0.280 -0.960 -2.806 -0.016 -0.025 -123.65
-0.410 0.161 -0.010 0.015 0.262 -0.965 -2.810 -0.017 -0.026 -123.78
-0.526 0.183 -0.004 0.015 0.254 -0.967 -2.812 -0.018 -0.027 -122.91
-0.736 0.236 0.015 0.012 0.244 -0.970 -2.812 -0.019 -0.029 -122.88
-1.068 0.300 0.027 0.006 0.234 -0.972 -2.807 -0.020 -0.032 -122.66
-1.298 0.344 0.021 0.003 0.221 -0.975 -2.802 -0.020 -0.035 -122.37
-1.799 0.423 0.022 -0.004 0.179 -0.984 -2.795 -0.021 -0.036 -121.90
-2.253 0.486 0.026 -0.017 0.134 -0.991 -2.788 -0.021 -0.038 -121.35
-2.363 0.518 -0.016 -0.024 0.102 -0.994 -2.785 -0.021 -0.037 -121.01
-2.420 0.455 -0.016 -0.036 0.048 -0.998 -2.789 -0.018 -0.034 -116.23
-2.034 0.324 -0.130 -0.043 -0.011 -0.999 -2.808 -0.015 -0.026 -116.73
-0.783 0.037 -0.179 -0.042 -0.065 -0.997 -2.854 -0.011 -0.014 -118.41
-0.596 -0.168 -0.055 -0.038 -0.021 -0.999 -2.890 -0.002 -0.008 -120.17
-0.604 -0.066 -0.023 -0.029 -0.026 -0.999 -2.921 0.002 -0.000 -121.25
-0.570 0.211 -0.023 -0.037 -0.045 -0.998 -2.951 0.003 0.001 -122.07
0.011 0.063 -0.044 -0.038 -0.060 -0.998 -2.988 0.007 0.003 -117.08
0.003 -0.073 -0.001 -0.034 -0.030 -0.999 -3.016 0.012 0.004 -117.77
0.013 0.000 -0.031 -0.035 -0.057 -0.998 -3.043 0.016 0.006 -118.14
0.010 0.046 -0.002 -0.033 -0.042 -0.999 -3.065 0.017 0.007 -118.47
0.014 0.002 -0.011 -0.033 -0.041 -0.999 -3.083 0.020 0.008 -118.65
0.010 0.033 -0.009 -0.034 -0.046 -0.998 -3.098 0.021 0.008 -118.77
0.014 0.013 -0.011 -0.035 -0.044 -0.998 -3.112 0.023 0.008 -118.85
0.020 0.000 -0.010 -0.035 -0.044 -0.998 -3.123 0.025 0.007 -116.90
0.017 0.038 -0.009 -0.036 -0.045 -0.998 -3.133 0.026 0.007 -116.92
0.011 0.006 -0.013 -0.036 -0.045 -0.998 -3.141 0.028 0.007 -116.93
-0.001 0.031 -0.014 -0.038 -0.045 -0.998 3.135 0.029 0.007 -116.93
-0.027 0.015 -0.017 -0.037 -0.041 -0.998 3.131 0.030 0.007 -116.93
-0.137 -0.011 -0.037 -0.037 -0.046 -0.998 3.128 0.031 0.007 -116.92
-0.234 0.014 -0.034 -0.037 -0.056 -0.998 3.125 0.032 0.008 -116.91
-0.241 0.004 -0.027 -0.036 -0.061 -0.997 3.123 0.032 0.009 -114.90
-0.210 0.003 -0.013 -0.035 -0.062 -0.997 3.120 0.033 0.010 -114.89
-0.466 0.016 -0.010 -0.030 -0.039 -0.999 3.125 0.032 0.011 -114.92
-0.669 0.022 -0.040 -0.026 -0.038 -0.999 3.133 0.031 0.013 -114.93
-1.024 0.034 -0.185 -0.021 -0.046 -0.999 -3.138 0.029 0.018 -114.93
-1.218 0.055 -0.391 0.117 -0.100 -0.988 -3.133 0.005 0.037 -114.70
-1.448 0.040 -0.442 0.001 -0.092 -0.996 -3.124 0.003 0.043 -114.85
-1.572 0.085 -0.534 -0.022 -0.082 -0.996 -3.112 0.004 0.049 -114.81
-0.612 0.231 -0.776 -0.014 -0.205 -0.979 -3.137 0.004 0.059 -114.51
-0.390 0.287 -0.885 -0.140 -0.269 -0.953 3.113 0.023 0.054 -114.13
-0.503 0.287 -0.875 -0.097 -0.213 -0.972 3.094 0.031 0.061 -114.48
-0.599 0.066 -0.601 -0.099 -0.258 -0.961 3.073 0.043 0.067 -114.20
-0.190 -0.238 -0.180 -0.079 -0.284 -0.956 3.045 0.055 0.073 -113.89
-0.027 -0.355 -0.040 -0.071 -0.249 -0.966 3.024 0.067 0.076 -113.76
0.098 -0.295 0.089 -0.050 -0.181 -0.982 3.014 0.072 0.079 -113.73
-0.062 -0.014 -0.031 -0.042 -0.194 -0.980 3.005 0.070 0.085 -113.62
-0.246 0.055 -0.058 -0.045 -0.208 -0.977 2.999 0.068 0.089 -113.53
-0.262 -0.010 -0.071 -0.046 -0.222 -0.974 2.992 0.068 0.093 -113.41
-0.439 -0.050 -0.044 -0.037 -0.214 -0.976 2.991 0.067 0.098 -113.40
-0.449 -0.006 -0.085 -0.038 -0.222 -0.974 2.988 0.066 0.102 -113.36
-0.631 0.061 -0.133 -0.039 -0.239 -0.970 2.986 0.064 0.106 -113.32
-0.833 0.019 -0.142 0.036 -0.315 -0.948 2.976 0.054 0.121 -112.97
-1.906 -0.056 0.053 -0.059 -0.296 -0.953 2.989 0.057 0.114 -113.25
-1.854 -0.024 0.055 -0.051 -0.336 -0.940 2.993 0.058 0.110 -113.15
-1.962 0.027 0.100 -0.048 -0.372 -0.927 2.992 0.059 0.106 -112.97
-2.352 -0.001 0.187 -0.066 -0.378 -0.923 2.998 0.062 0.099 -112.97
-2.689 -0.027 0.233 -0.044 -0.392 -0.919 3.006 0.062 0.100 -112.98
-3.443 -0.064 0.214 -0.044 -0.429 -0.902 3.020 0.062 0.101 -112.85
-3.954 -0.108 0.100 -0.035 -0.520 -0.853 3.027 0.062 0.107 -123.77
-3.902 -0.142 -0.009 -0.033 -0.540 -0.841 3.028 0.063 0.113 -123.54
-2.735 -0.039 -0.220 -0.029 -0.624 -0.781 2.996 0.066 0.119 -122.23
-1.298 0.053 -0.175 -0.038 -0.659 -0.751 2.936 0.073 0.116 -121.06
-0.751 0.033 -0.083 -0.038 -0.659 -0.751 2.875 0.080 0.114 -119.87
-0.051 -0.060 0.014 -0.030 -0.654 -0.756 2.812 0.087 0.114 -118.12
0.201 -0.031 0.003 -0.032 -0.660 -0.751 2.752 0.094 0.112 -115.82
0.258 0.003 0.024 -0.030 -0.651 -0.759 2.702 0.099 0.110 -139.55
0.297 -0.029 0.065 -0.028 -0.616 -0.788 2.665 0.103 0.109 -137.43
0.011 -0.086 0.007 -0.025 -0.610 -0.792 2.639 0.106 0.111 -135.67
-0.206 -0.083 -0.035 -0.023 -0.618 -0.786 2.620 0.109 0.113 -134.18
-0.486 -0.081 -0.111 -0.028 -0.638 -0.769 2.604 0.112 0.115 -132.87
-0.562 -0.086 -0.143 -0.029 -0.661 -0.750 2.587 0.115 0.117 -131.44
-0.492 -0.053 -0.150 -0.028 -0.670 -0.742 2.570 0.117 0.118 -130.02
-0.447 -0.020 -0.143 -0.028 -0.679 -0.733 2.553 0.119 0.119 -126.06
-0.357 0.031 -0.117 -0.032 -0.678 -0.734 2.537 0.120 0.118 -124.73
-0.322 0.020 -0.081 -0.032 -0.672 -0.740 2.524 0.122 0.117 -123.63
-0.325 -0.003 -0.073 -0.031 -0.674 -0.738 2.512 0.123 0.117 -122.63
-0.332 -0.054 -0.078 -0.031 -0.683 -0.730 2.501 0.126 0.117 -121.57
-0.274 -0.069 -0.070 -0.032 -0.696 -0.717 2.488 0.129 0.116 -120.31
-0.242 -0.071 -0.059 -0.032 -0.701 -0.712 2.475 0.132 0.116 -119.09
-0.130 -0.054 -0.028 -0.031 -0.709 -0.705 2.461 0.135 0.114 -123.07
-0.046 0.007 0.003 -0.028 -0.703 -0.711 2.448 0.136 0.113 -121.84
0.037 0.029 -0.009 -0.029 -0.696 -0.718 2.437 0.137 0.113 -120.78
0.068 0.019 -0.023 -0.030 -0.695 -0.719 2.428 0.137 0.112 -119.82
0.113 -0.010 -0.024 -0.030 -0.698 -0.716 2.419 0.139 0.111 -118.83
0.247 -0.031 -0.009 -0.029 -0.701 -0.713 2.408 0.140 0.110 -117.68
0.326 -0.033 0.013 -0.028 -0.700 -0.713 2.398 0.142 0.109 -109.99
0.409 -0.027 0.054 -0.027 -0.681 -0.732 2.391 0.143 0.107 -109.35
0.345 -0.033 0.053 -0.024 -0.679 -0.734 2.388 0.143 0.107 -108.95
0.337 -0.033 0.050 -0.026 -0.681 -0.731 2.384 0.144 0.106 -108.57
0.298 -0.015 0.072 -0.023 -0.675 -0.737 2.383 0.144 0.105 -108.45
0.298 0.006 0.052 -0.022 -0.670 -0.742 2.383 0.142 0.105 -108.47
0.297 0.009 0.046 -0.023 -0.667 -0.745 2.384 0.141 0.105 -108.54
0.251 0.000 0.039 -0.022 -0.660 -0.751 2.386 0.140 0.106 -103.07
0.158 -0.005 0.021 -0.021 -0.656 -0.754 2.391 0.139 0.107 -103.54
0.098 -0.009 0.011 -0.019 -0.660 -0.751 2.395 0.138 0.108 -103.98
0.065 -0.012 -0.003 -0.019 -0.667 -0.745 2.398 0.137 0.110 -104.27
0.127 -0.003 0.004 -0.018 -0.670 -0.742 2.399 0.136 0.110 -104.34
0.171 0.007 0.016 -0.018 -0.669 -0.743 2.399 0.135 0.111 -104.35
0.278 0.016 0.030 -0.018 -0.663 -0.748 2.398 0.134 0.111 -104.29
0.359 -0.003 0.065 -0.015 -0.651 -0.759 2.398 0.133 0.110 -104.33
0.382 -0.015 0.063 -0.014 -0.647 -0.762 2.399 0.132 0.110 -104.41
0.447 -0.020 0.030 -0.009 -0.643 -0.766 2.399 0.131 0.111 -104.44
0.458 0.000 -0.001 -0.013 -0.637 -0.771 2.401 0.130 0.112 -104.58
0.446 0.004 0.271 -0.015 -0.631 -0.776 2.403 0.129 0.107 -104.82
0.344 0.001 0.002 -0.015 -0.626 -0.780 2.408 0.127 0.109 -105.29
0.277 -0.005 -0.009 -0.016 -0.625 -0.781 2.413 0.126 0.110 -105.82
0.266 -0.002 -0.010 -0.017 -0.624 -0.781 2.418 0.126 0.112 -112.99
0.262 -0.006 -0.006 -0.015 -0.621 -0.783 2.423 0.125 0.113 -113.48
0.257 -0.006 -0.006 -0.014 -0.621 -0.784 2.427 0.124 0.114 -113.91
0.272 0.007 -0.004 -0.013 -0.618 -0.786 2.431 0.123 0.115 -114.31
0.290 0.017 0.000 -0.014 -0.618 -0.786 2.434 0.122 0.115 -114.62
0.363 0.015 0.017 -0.014 -0.614 -0.789 2.436 0.121 0.116 -114.82
0.440 0.007 0.042 -0.010 -0.605 -0.796 2.438 0.120 0.115 -115.03
0.495 0.000 0.048 -0.009 -0.601 -0.799 2.439 0.118 0.115 -113.67
0.559 0.012 0.043 -0.009 -0.592 -0.806 2.441 0.117 0.115 -113.85
0.588 0.027 0.044 -0.010 -0.586 -0.810 2.444 0.116 0.115 -114.08
0.645 0.023 0.037 -0.008 -0.585 -0.811 2.445 0.114 0.115 -114.19
0.829 0.036 0.056 -0.011 -0.573 -0.819 2.445 0.113 0.114 -114.18
0.874 0.066 0.069 -0.009 -0.548 -0.836 2.448 0.111 0.114 -114.48
0.914 0.067 0.054 -0.010 -0.542 -0.840 2.452 0.110 0.113 -114.82
0.947 0.066 0.048 -0.010 -0.526 -0.850 2.461 0.107 0.113 -109.52
1.006 0.077 0.056 -0.013 -0.514 -0.858 2.466 0.105 0.113 -109.95
1.054 0.083 0.068 -0.014 -0.506 -0.862 2.470 0.104 0.112 -110.37
1.186 0.070 0.091 -0.011 -0.482 -0.876 2.476 0.102 0.111 -110.84
1.299 0.064 0.082 -0.010 -0.456 -0.890 2.484 0.100 0.110 -111.42
1.341 0.077 0.062 -0.009 -0.443 -0.897 2.491 0.097 0.109 -112.08
1.340 0.103 0.035 -0.008 -0.416 -0.909 2.502 0.094 0.110 -112.95
1.307 0.099 0.010 -0.016 -0.395 -0.919 2.516 0.093 0.111 -106.01
1.133 0.082 0.039 -0.015 -0.383 -0.923 2.532 0.091 0.112 -107.27
1.006 0.059 0.032 -0.013 -0.368 -0.930 2.550 0.088 0.113 -108.66
1.060 0.060 -0.012 -0.015 -0.354 -0.935 2.567 0.086 0.114 -109.92
1.064 0.059 -0.013 -0.017 -0.347 -0.938 2.583 0.085 0.116 -111.06
1.027 0.053 0.000 -0.015 -0.328 -0.944 2.600 0.083 0.117 -112.21
1.215 0.048 -0.022 -0.016 -0.320 -0.947 2.612 0.081 0.118 -113.08
1.376 0.051 -0.027 -0.018 -0.312 -0.950 2.621 0.081 0.118 -102.49
1.773 0.056 0.002 -0.020 -0.288 -0.958 2.626 0.081 0.118 -102.68
2.129 0.066 0.060 -0.019 -0.236 -0.972 2.632 0.079 0.116 -102.78
2.224 0.065 0.093 -0.020 -0.207 -0.978 2.639 0.078 0.114 -103.09
2.053 0.066 0.134 -0.020 -0.134 -0.991 2.659 0.075 0.111 -103.87
1.218 0.241 0.126 -0.020 -0.098 -0.995 2.695 0.068 0.110 -105.83
0.935 0.264 0.012 -0.025 -0.101 -0.995 2.731 0.062 0.113 -104.23
0.596 0.053 -0.006 -0.029 -0.109 -0.994 2.766 0.061 0.116 -106.04
0.346 -0.009 0.009 -0.025 -0.113 -0.993 2.800 0.059 0.117 -107.61
0.340 0.078 0.005 -0.025 -0.114 -0.993 2.829 0.055 0.118 -108.82
0.365 0.064 0.013 -0.027 -0.104 -0.994 2.854 0.053 0.119 -109.76
0.334 0.032 0.014 -0.026 -0.091 -0.995 2.879 0.051 0.119 -110.57
0.298 0.059 0.001 -0.027 -0.094 -0.995 2.899 0.049 0.120 -111.26
0.247 0.052 0.004 -0.027 -0.087 -0.996 2.919 0.047 0.120 -112.80
0.202 0.028 -0.002 -0.028 -0.088 -0.996 2.936 0.046 0.121 -113.28
0.201 0.038 -0.001 -0.028 -0.088 -0.996 2.951 0.045 0.122 -113.66
0.306 0.054 -0.006 -0.029 -0.090 -0.996 2.962 0.044 0.122 -113.92
0.330 0.073 0.013 -0.028 -0.062 -0.998 2.974 0.042 0.122 -114.14
0.302 0.045 -0.010 -0.029 -0.074 -0.997 2.984 0.042 0.122 -114.37
0.273 0.046 -0.005 -0.030 -0.066 -0.997 2.993 0.041 0.123 -114.55
0.257 0.065 -0.006 -0.032 -0.059 -0.998 3.003 0.040 0.123 -115.71
0.186 0.042 -0.009 -0.032 -0.055 -0.998 3.013 0.040 0.124 -115.87
0.151 0.037 -0.011 -0.033 -0.057 -0.998 3.022 0.040 0.124 -116.02
0.117 0.039 -0.009 -0.036 -0.055 -0.998 3.030 0.040 0.125 -116.14
0.086 0.026 -0.009 -0.035 -0.054 -0.998 3.038 0.040 0.125 -116.25
0.071 0.020 -0.010 -0.033 -0.054 -0.998 3.045 0.040 0.126 -116.34
0.043 0.019 -0.009 -0.036 -0.056 -0.998 3.051 0.040 0.126 -116.41
0.046 0.019 -0.006 -0.034 -0.054 -0.998 3.056 0.040 0.126 -116.47
0.043 0.017 -0.009 -0.033 -0.056 -0.998 3.061 0.040 0.127 -116.52
0.036 0.016 -0.011 -0.033 -0.055 -0.998 3.065 0.039 0.127 -116.56
0.053 0.020 -0.006 -0.032 -0.053 -0.998 3.068 0.039 0.127 -116.59
0.049 0.022 -0.009 -0.032 -0.053 -0.998 3.071 0.039 0.127 -116.61
0.040 0.018 -0.007 -0.032 -0.054 -0.998 3.073 0.038 0.127 -116.64
0.048 0.019 -0.010 -0.031 -0.054 -0.998 3.075 0.038 0.127 -116.65
0.050 0.021 -0.007 -0.031 -0.051 -0.998 3.077 0.038 0.127 -114.68
0.036 0.020 -0.009 -0.033 -0.053 -0.998 3.079 0.038 0.128 -114.69
0.044 0.022 -0.013 -0.033 -0.054 -0.998 3.080 0.038 0.128 -114.70
0.047 0.027 -0.009 -0.034 -0.054 -0.998 3.081 0.038 0.128 -114.71
0.044 0.020 -0.007 -0.035 -0.052 -0.998 3.082 0.038 0.128 -114.71
0.034 0.013 -0.011 -0.036 -0.056 -0.998 3.083 0.039 0.128 -114.72
0.030 0.015 -0.012 -0.036 -0.055 -0.998 3.084 0.039 0.129 -114.72
0.038 0.020 -0.007 -0.036 -0.056 -0.998 3.084 0.039 0.129 -116.72
0.040 0.022 -0.009 -0.035 -0.054 -0.998 3.085 0.039 0.129 -116.72
0.038 0.023 -0.012 -0.034 -0.053 -0.998 3.085 0.039 0.129 -116.72
0.027 0.019 -0.013 -0.032 -0.052 -0.998 3.086 0.039 0.129 -116.73
0.031 0.022 -0.009 -0.032 -0.052 -0.998 3.087 0.039 0.129 -116.74
0.034 0.020 -0.010 -0.029 -0.053 -0.998 3.087 0.038 0.130 -116.74
0.044 0.020 -0.011 -0.028 -0.053 -0.998 3.087 0.037 0.130 -116.75
0.048 0.030 -0.005 -0.031 -0.052 -0.998 3.087 0.037 0.130 -111.76
0.044 0.019 -0.009 -0.030 -0.055 -0.998 3.087 0.037 0.130 -111.76
0.044 0.018 -0.007 -0.033 -0.056 -0.998 3.087 0.037 0.130 -111.76
0.040 0.029 -0.010 -0.036 -0.052 -0.998 3.087 0.037 0.130 -111.76
0.044 0.020 -0.006 -0.035 -0.054 -0.998 3.087 0.038 0.130 -111.75
0.038 0.017 -0.005 -0.034 -0.051 -0.998 3.088 0.038 0.130 -111.76
0.042 0.026 -0.014 -0.034 -0.052 -0.998 3.088 0.038 0.131 -111.76
0.039 0.018 -0.012 -0.033 -0.050 -0.998 3.089 0.038 0.131 -114.75
0.052 0.020 -0.005 -0.033 -0.051 -0.998 3.089 0.038 0.131 -114.76
0.054 0.027 -0.011 -0.033 -0.052 -0.998 3.089 0.038 0.131 -114.76
0.050 0.020 -0.007 -0.031 -0.051 -0.998 3.089 0.038 0.131 -114.76
0.044 0.018 -0.011 -0.033 -0.053 -0.998 3.089 0.038 0.131 -114.76
0.048 0.024 -0.009 -0.034 -0.052 -0.998 3.089 0.038 0.131 -114.76
0.047 0.020 -0.005 -0.033 -0.053 -0.998 3.089 0.038 0.131 -114.75
0.049 0.022 -0.013 -0.034 -0.054 -0.998 3.088 0.038 0.132 -115.75
0.054 0.027 -0.009 -0.034 -0.054 -0.998 3.088 0.038 0.132 -115.75
0.059 0.022 -0.007 -0.034 -0.052 -0.998 3.088 0.038 0.132 -115.75
0.062 0.030 -0.009 -0.033 -0.052 -0.998 3.088 0.038 0.132 -115.75
0.053 0.019 -0.009 -0.033 -0.050 -0.998 3.088 0.038 0.132 -115.75
0.056 0.017 -0.009 -0.033 -0.050 -0.998 3.088 0.038 0.132 -115.75
0.086 0.031 -0.009 -0.034 -0.049 -0.998 3.088 0.038 0.132 -115.75
0.065 0.023 -0.013 -0.033 -0.047 -0.998 3.089 0.038 0.132 -116.75
0.063 0.028 -0.007 -0.035 -0.046 -0.998 3.089 0.038 0.132 -116.76
0.063 0.031 -0.009 -0.036 -0.045 -0.998 3.090 0.038 0.133 -116.76
0.050 0.017 -0.010 -0.034 -0.046 -0.998 3.091 0.038 0.133 -116.76
0.042 0.030 -0.010 -0.033 -0.046 -0.998 3.092 0.038 0.133 -116.77
0.038 0.029 -0.011 -0.035 -0.047 -0.998 3.092 0.038 0.133 -116.77
0.036 0.012 -0.009 -0.034 -0.047 -0.998 3.093 0.038 0.133 -116.77
0.036 0.027 -0.011 -0.035 -0.047 -0.998 3.093 0.038 0.133 -115.78
